Azimuth Angle,Flap,FlapRate,FlapAcceleration,PitchLinkMoment
0,-0.00153821,-0.0123563,-22.0283,17.9582
0.0174533,-0.00154851,-0.0307133,-22.0184,17.962
0.0349066,-0.00157411,-0.0490619,-22.0018,17.9658
0.0523599,-0.00161499,-0.0673967,-21.9785,17.9697
0.0698132,-0.00167115,-0.0857122,-21.9487,17.9736
0.0872665,-0.00174258,-0.104003,-21.9122,17.9774
0.10472,-0.00182925,-0.122263,-21.8691,17.9813
0.122173,-0.00193114,-0.140487,-21.8195,17.9852
0.139626,-0.00204821,-0.15867,-21.7632,17.9891
0.15708,-0.00218043,-0.176806,-21.7004,17.993
0.174533,-0.00232777,-0.19489,-21.631,17.9969
0.191986,-0.00249018,-0.212916,-21.5551,18.0008
0.20944,-0.00266761,-0.230878,-21.4727,18.0047
0.226893,-0.00286001,-0.248772,-21.3839,18.0086
0.244346,-0.00306732,-0.266592,-21.2885,18.0125
0.261799,-0.00328948,-0.284333,-21.1867,18.0164
0.279253,-0.00352642,-0.301988,-21.0786,18.0203
0.296706,-0.00377808,-0.319554,-20.964,18.0242
0.314159,-0.00404437,-0.337024,-20.8431,18.028
0.331613,-0.00432523,-0.354393,-20.7159,18.0319
0.349066,-0.00462056,-0.371656,-20.5824,18.0357
0.366519,-0.00493027,-0.388808,-20.4427,18.0396
0.383972,-0.00525428,-0.405844,-20.2968,18.0434
0.401426,-0.00559248,-0.422758,-20.1448,18.0472
0.418879,-0.00594478,-0.439545,-19.9866,18.0509
0.436332,-0.00631106,-0.456201,-19.8224,18.0547
0.453786,-0.00669123,-0.472719,-19.6521,18.0584
0.471239,-0.00708516,-0.489096,-19.4759,18.0621
0.488692,-0.00749274,-0.505326,-19.2938,18.0657
0.506145,-0.00791385,-0.521404,-19.1058,18.0694
0.523599,-0.00834835,-0.537326,-18.912,18.073
0.541052,-0.00879612,-0.553086,-18.7125,18.0765
0.558505,-0.00925703,-0.568679,-18.5072,18.08
0.575959,-0.00973093,-0.584102,-18.2964,18.0835
0.593412,-0.0102177,-0.599349,-18.0799,18.087
0.610865,-0.0107171,-0.614416,-17.8579,18.0904
0.628319,-0.0112292,-0.629297,-17.6305,18.0937
0.645772,-0.0117536,-0.643989,-17.3977,18.097
0.663225,-0.0122902,-0.658487,-17.1595,18.1003
0.680678,-0.012839,-0.672787,-16.9162,18.1035
0.698132,-0.0133996,-0.686884,-16.6676,18.1066
0.715585,-0.013972,-0.700774,-16.4139,18.1097
0.733038,-0.014556,-0.714452,-16.1553,18.1128
0.750492,-0.0151514,-0.727915,-15.8916,18.1158
0.767945,-0.015758,-0.741158,-15.6231,18.1187
0.785398,-0.0163756,-0.754177,-15.3497,18.1215
0.802851,-0.0170041,-0.766968,-15.0717,18.1243
0.820305,-0.0176432,-0.779528,-14.789,18.127
0.837758,-0.0182928,-0.791852,-14.5018,18.1297
0.855211,-0.0189527,-0.803937,-14.21,18.1322
0.872665,-0.0196227,-0.815779,-13.9139,18.1347
0.890118,-0.0203025,-0.827374,-13.6135,18.1371
0.907571,-0.0209919,-0.838718,-13.3089,18.1395
0.925025,-0.0216909,-0.849809,-13.0002,18.1417
0.942478,-0.0223991,-0.860642,-12.6874,18.1439
0.959931,-0.0231163,-0.871215,-12.3707,18.146
0.977384,-0.0238423,-0.881524,-12.0501,18.148
0.994838,-0.0245769,-0.891566,-11.7258,18.1499
1.01229,-0.0253198,-0.901337,-11.3979,18.1518
1.02974,-0.026071,-0.910836,-11.0664,18.1535
1.0472,-0.02683,-0.920058,-10.7314,18.1552
1.06465,-0.0275967,-0.929,-10.3931,18.1567
1.0821,-0.0283709,-0.937661,-10.0515,18.1582
1.09956,-0.0291523,-0.946038,-9.70676,18.1595
1.11701,-0.0299406,-0.954127,-9.35897,18.1608
1.13446,-0.0307357,-0.961926,-9.00824,18.1619
1.15192,-0.0315373,-0.969433,-8.65466,18.163
1.16937,-0.0323452,-0.976645,-8.29835,18.164
1.18682,-0.0331591,-0.98356,-7.93942,18.1648
1.20428,-0.0339787,-0.990176,-7.57796,18.1655
1.22173,-0.0348038,-0.996491,-7.21409,18.1662
1.23918,-0.0356342,-1.0025,-6.84792,18.1667
1.25664,-0.0364697,-1.00821,-6.47956,18.1671
1.27409,-0.0373098,-1.01361,-6.10912,18.1674
1.29154,-0.0381545,-1.0187,-5.73672,18.1676
1.309,-0.0390034,-1.02348,-5.36246,18.1677
1.32645,-0.0398563,-1.02795,-4.98646,18.1676
1.3439,-0.040713,-1.0321,-4.60884,18.1675
1.36136,-0.041573,-1.03595,-4.22971,18.1672
1.37881,-0.0424363,-1.03947,-3.84919,18.1668
1.39626,-0.0433026,-1.04268,-3.46738,18.1663
1.41372,-0.0441715,-1.04557,-3.08442,18.1657
1.43117,-0.0450428,-1.04814,-2.70041,18.165
1.44862,-0.0459162,-1.05039,-2.31548,18.1641
1.46608,-0.0467915,-1.05232,-1.92974,18.1632
1.48353,-0.0476685,-1.05393,-1.54331,18.1626
1.50098,-0.0485467,-1.05521,-1.1563,18.162
1.51844,-0.0494261,-1.05618,-0.768851,18.1611
1.53589,-0.0503062,-1.05682,-0.381071,18.16
1.55334,-0.0511869,-1.05713,0.0069169,18.1587
1.5708,-0.0520679,-1.05713,0.394992,18.1572
1.58825,-0.0529488,-1.0568,0.783035,18.1554
1.6057,-0.0538295,-1.05615,1.17092,18.1534
1.62316,-0.0547096,-1.05517,1.55854,18.1512
1.64061,-0.0555889,-1.05387,1.94576,18.1488
1.65806,-0.0564671,-1.05225,2.33247,18.1461
1.67552,-0.057344,-1.05031,2.71854,18.1432
1.69297,-0.0582192,-1.04804,3.10385,18.1401
1.71042,-0.0590926,-1.04545,3.4883,18.137
1.72788,-0.0599638,-1.04255,3.87175,18.1342
1.74533,-0.0608326,-1.03932,4.25409,18.1313
1.76278,-0.0616987,-1.03578,4.6352,18.1284
1.78024,-0.0625619,-1.03191,5.01495,18.1252
1.79769,-0.0634218,-1.02773,5.39323,18.122
1.81514,-0.0642782,-1.02324,5.76991,18.1187
1.8326,-0.0651309,-1.01843,6.14488,18.1153
1.85005,-0.0659796,-1.01331,6.51803,18.1117
1.8675,-0.0668241,-1.00788,6.88923,18.1081
1.88496,-0.067664,-1.00214,7.25836,18.1043
1.90241,-0.0684991,-0.99609,7.62532,18.1004
1.91986,-0.0693291,-0.989735,7.98997,18.0965
1.93732,-0.0701539,-0.983077,8.35222,18.0924
1.95477,-0.0709732,-0.976117,8.71194,18.0882
1.97222,-0.0717866,-0.968857,9.06903,18.084
1.98968,-0.072594,-0.961299,9.42336,18.0796
2.00713,-0.073395,-0.953446,9.77482,18.0751
2.02458,-0.0741896,-0.945301,10.1233,18.0706
2.04204,-0.0749773,-0.936865,10.4687,18.066
2.05949,-0.0757581,-0.928141,10.8109,18.0612
2.07694,-0.0765315,-0.919132,11.1498,18.0564
2.0944,-0.0772975,-0.90984,11.4853,18.0515
2.11185,-0.0780557,-0.900269,11.8173,18.0465
2.1293,-0.0788059,-0.890421,12.1457,18.0415
2.14675,-0.0795479,-0.8803,12.4703,18.0363
2.16421,-0.0802815,-0.869908,12.7911,18.0311
2.18166,-0.0810064,-0.859249,13.108,18.0258
2.19911,-0.0817224,-0.848325,13.4208,18.0205
2.21657,-0.0824294,-0.837141,13.7295,18.0151
2.23402,-0.083127,-0.8257,14.034,18.0096
2.25147,-0.0838151,-0.814005,14.3341,18.0041
2.26893,-0.0844934,-0.80206,14.6299,17.9985
2.28638,-0.0851618,-0.789868,14.9211,17.9928
2.30383,-0.08582,-0.777434,15.2077,17.9871
2.32129,-0.0864679,-0.764761,15.4896,17.9814
2.33874,-0.0871052,-0.751853,15.7667,17.9756
2.35619,-0.0877317,-0.738714,16.039,17.9697
2.37365,-0.0883473,-0.725348,16.3063,17.9638
2.3911,-0.0889518,-0.71176,16.5685,17.9579
2.40855,-0.0895449,-0.697953,16.8257,17.952
2.42601,-0.0901265,-0.683931,17.0776,17.946
2.44346,-0.0906965,-0.6697,17.3242,17.94
2.46091,-0.0912546,-0.655263,17.5655,17.9339
2.47837,-0.0918006,-0.640625,17.8013,17.9279
2.49582,-0.0923345,-0.625791,18.0316,17.9218
2.51327,-0.092856,-0.610765,18.2563,17.9157
2.53073,-0.0933649,-0.595551,18.4754,17.9096
2.54818,-0.0938612,-0.580155,18.6888,17.9035
2.56563,-0.0943447,-0.564581,18.8963,17.8974
2.58309,-0.0948152,-0.548834,19.098,17.8913
2.60054,-0.0952725,-0.532919,19.2938,17.8852
2.61799,-0.0957166,-0.516841,19.4836,17.8791
2.63545,-0.0961473,-0.500604,19.6674,17.873
2.6529,-0.0965645,-0.484215,19.845,17.8669
2.67035,-0.096968,-0.467677,20.0166,17.8608
2.68781,-0.0973578,-0.450997,20.1819,17.8548
2.70526,-0.0977336,-0.434179,20.3409,17.8487
2.72271,-0.0980954,-0.417228,20.4937,17.8427
2.74017,-0.0984431,-0.40015,20.6401,17.8368
2.75762,-0.0987765,-0.38295,20.7801,17.8308
2.77507,-0.0990957,-0.365633,20.9137,17.8249
2.79253,-0.0994004,-0.348205,21.0408,17.819
2.80998,-0.0996905,-0.330671,21.1614,17.8132
2.82743,-0.0999661,-0.313036,21.2755,17.8074
2.84489,-0.100227,-0.295307,21.383,17.8017
2.86234,-0.100473,-0.277487,21.4838,17.796
2.87979,-0.100704,-0.259584,21.578,17.7903
2.89725,-0.100921,-0.241603,21.6656,17.7848
2.9147,-0.101122,-0.223548,21.7464,17.7792
2.93215,-0.101308,-0.205426,21.8205,17.7738
2.94961,-0.101479,-0.187242,21.8879,17.7684
2.96706,-0.101635,-0.169002,21.9485,17.763
2.98451,-0.101776,-0.150712,22.0024,17.7578
3.00197,-0.101902,-0.132376,22.0494,17.7526
3.01942,-0.102012,-0.114002,22.0897,17.7474
3.03687,-0.102107,-0.0955938,22.1231,17.7424
3.05433,-0.102187,-0.0771578,22.1498,17.7374
3.07178,-0.102251,-0.0586997,22.1696,17.7325
3.08923,-0.1023,-0.0402251,22.1825,17.7277
3.10669,-0.102334,-0.0217396,22.1887,17.723
3.12414,-0.102352,-0.00324909,22.188,17.7184
3.14159,-0.102354,0.0152409,22.1804,17.7138
3.15905,-0.102342,0.0337246,22.1661,17.7094
3.1765,-0.102314,0.0521963,22.145,17.705
3.19395,-0.10227,0.0706505,22.117,17.7008
3.21141,-0.102211,0.0890813,22.0823,17.6966
3.22886,-0.102137,0.107483,22.0407,17.6925
3.24631,-0.102047,0.12585,21.9924,17.6886
3.26377,-0.101943,0.144177,21.9374,17.6847
3.28122,-0.101822,0.162459,21.8756,17.6809
3.29867,-0.101687,0.180688,21.8072,17.6772
3.31613,-0.101536,0.198861,21.7321,17.6736
3.33358,-0.101371,0.216971,21.6503,17.6702
3.35103,-0.10119,0.235013,21.5619,17.6668
3.36849,-0.100994,0.252981,21.4669,17.6635
3.38594,-0.100783,0.27087,21.3653,17.6604
3.40339,-0.100558,0.288675,21.2572,17.6573
3.42085,-0.100317,0.306389,21.1426,17.6544
3.4383,-0.100062,0.324008,21.0216,17.6516
3.45575,-0.0997917,0.341526,20.8941,17.6489
3.47321,-0.099507,0.358938,20.7603,17.6463
3.49066,-0.0992079,0.376238,20.6202,17.6436
3.50811,-0.0988944,0.393421,20.4738,17.641
3.52557,-0.0985666,0.410483,20.3212,17.6386
3.54302,-0.0982245,0.427417,20.1624,17.6362
3.56047,-0.0978683,0.444219,19.9974,17.634
3.57792,-0.0974981,0.460884,19.8264,17.6319
3.59538,-0.097114,0.477406,19.6494,17.6299
3.61283,-0.0967162,0.49378,19.4664,17.628
3.63028,-0.0963047,0.510002,19.2775,17.6263
3.64774,-0.0958797,0.526067,19.0827,17.6246
3.66519,-0.0954413,0.541969,18.8822,17.6231
3.68264,-0.0949897,0.557704,18.6759,17.6216
3.7001,-0.0945249,0.573267,18.464,17.6203
3.71755,-0.0940472,0.588654,18.2465,17.6191
3.735,-0.0935567,0.60386,18.0235,17.618
3.75246,-0.0930535,0.618879,17.7951,17.617
3.76991,-0.0925377,0.633708,17.5612,17.6161
3.78736,-0.0920096,0.648343,17.3221,17.6153
3.80482,-0.0914693,0.662778,17.0777,17.6147
3.82227,-0.090917,0.677009,16.8282,17.6141
3.83972,-0.0903529,0.691033,16.5736,17.6137
3.85718,-0.089777,0.704844,16.3141,17.6133
3.87463,-0.0891896,0.718439,16.0496,17.613
3.89208,-0.0885909,0.731814,15.7803,17.6129
3.90954,-0.0879811,0.744964,15.5062,17.6128
3.92699,-0.0873603,0.757886,15.2275,17.6129
3.94444,-0.0867287,0.770576,14.9442,17.613
3.9619,-0.0860866,0.783029,14.6564,17.6132
3.97935,-0.085434,0.795243,14.3643,17.6135
3.9968,-0.0847713,0.807213,14.0678,17.6139
4.01426,-0.0840987,0.818936,13.7671,17.6144
4.03171,-0.0834162,0.830409,13.4623,17.615
4.04916,-0.0827242,0.841627,13.1535,17.6157
4.06662,-0.0820228,0.852589,12.8407,17.6164
4.08407,-0.0813124,0.863289,12.5241,17.6173
4.10152,-0.080593,0.873726,12.2037,17.6182
4.11898,-0.0798648,0.883896,11.8797,17.6192
4.13643,-0.0791283,0.893795,11.5522,17.6202
4.15388,-0.0783834,0.903422,11.2212,17.6214
4.17134,-0.0776306,0.912773,10.8869,17.6226
4.18879,-0.0768699,0.921846,10.5494,17.6239
4.20624,-0.0761017,0.930637,10.2087,17.6252
4.2237,-0.0753262,0.939144,9.86496,17.6266
4.24115,-0.0745436,0.947365,9.51831,17.6281
4.2586,-0.0737541,0.955297,9.16884,17.6296
4.27606,-0.072958,0.962938,8.81666,17.6312
4.29351,-0.0721556,0.970285,8.46186,17.6329
4.31096,-0.071347,0.977336,8.10457,17.6346
4.32842,-0.0705326,0.98409,7.74488,17.6364
4.34587,-0.0697125,0.990544,7.38291,17.6382
4.36332,-0.068887,0.996697,7.01877,17.6401
4.38078,-0.0680565,1.00255,6.65256,17.642
4.39823,-0.067221,1.00809,6.2844,17.6439
4.41568,-0.0663809,1.01333,5.9144,17.6459
4.43314,-0.0655365,1.01826,5.54267,17.648
4.45059,-0.0646879,1.02287,5.16932,17.6501
4.46804,-0.0638356,1.02718,4.79446,17.6522
4.4855,-0.0629796,1.03118,4.41822,17.6544
4.50295,-0.0621203,1.03486,4.0407,17.6566
4.5204,-0.0612579,1.03823,3.66201,17.6588
4.53786,-0.0603927,1.04128,3.28228,17.6611
4.55531,-0.0595249,1.04401,2.90161,17.6634
4.57276,-0.0586549,1.04643,2.52012,17.6658
4.59022,-0.0577829,1.04853,2.13792,17.6681
4.60767,-0.0569091,1.05031,1.75513,17.6705
4.62512,-0.0560339,1.05178,1.37187,17.6729
4.64258,-0.0551574,1.05292,0.988248,17.6754
4.66003,-0.05428,1.05374,0.60438,17.6778
4.67748,-0.0534018,1.05425,0.220382,17.6803
4.69494,-0.0525233,1.05443,-0.16363,17.6828
4.71239,-0.0516446,1.05429,-0.547541,17.6854
4.72984,-0.050766,1.05384,-0.931235,17.6879
4.7473,-0.0498878,1.05306,-1.3146,17.6905
4.76475,-0.0490103,1.05197,-1.69751,17.693
4.7822,-0.0481337,1.05055,-2.07987,17.6956
4.79966,-0.0472582,1.04882,-2.46155,17.6982
4.81711,-0.0463842,1.04677,-2.84244,17.7009
4.83456,-0.0455119,1.0444,-3.22242,17.7035
4.85202,-0.0446415,1.04171,-3.60138,17.7061
4.86947,-0.0437734,1.03871,-3.97922,17.7088
4.88692,-0.0429079,1.03539,-4.3558,17.7115
4.90438,-0.042045,1.03177,-4.73103,17.7142
4.92183,-0.0411852,1.02782,-5.10479,17.7168
4.93928,-0.0403287,1.02357,-5.47696,17.7196
4.95674,-0.0394757,1.019,-5.84745,17.7223
4.97419,-0.0386266,1.01413,-6.21612,17.725
4.99164,-0.0377815,1.00895,-6.58288,17.7277
5.00909,-0.0369407,1.00347,-6.94762,17.7304
5.02655,-0.0361044,0.997676,-7.31022,17.7332
5.044,-0.035273,0.991584,-7.67058,17.7359
5.06145,-0.0344467,0.985192,-8.02859,17.7387
5.07891,-0.0336257,0.978502,-8.38414,17.7415
5.09636,-0.0328103,0.971515,-8.73713,17.7442
5.11381,-0.0320007,0.964234,-9.08745,17.747
5.13127,-0.0311972,0.956661,-9.43499,17.7498
5.14872,-0.0304,0.948799,-9.77966,17.7526
5.16617,-0.0296093,0.940649,-10.1213,17.7554
5.18363,-0.0288254,0.932214,-10.4599,17.7582
5.20108,-0.0280486,0.923498,-10.7954,17.7609
5.21853,-0.027279,0.914502,-11.1275,17.7636
5.23599,-0.0265169,0.905229,-11.4562,17.7663
5.25344,-0.0257626,0.895682,-11.7815,17.769
5.27089,-0.0250162,0.885864,-12.1031,17.7717
5.28835,-0.0242779,0.875778,-12.4211,17.7744
5.3058,-0.0235481,0.865427,-12.7354,17.7771
5.32325,-0.0228269,0.854814,-13.0457,17.7799
5.34071,-0.0221146,0.843943,-13.3522,17.7826
5.35816,-0.0214113,0.832816,-13.6545,17.7854
5.37561,-0.0207173,0.821437,-13.9528,17.7881
5.39307,-0.0200328,0.80981,-14.2468,17.7909
5.41052,-0.0193579,0.797938,-14.5365,17.7937
5.42797,-0.018693,0.785824,-14.8218,17.7965
5.44543,-0.0180381,0.773472,-15.1026,17.7993
5.46288,-0.0173936,0.760887,-15.3788,17.8021
5.48033,-0.0167595,0.748071,-15.6504,17.8049
5.49779,-0.0161361,0.735029,-15.9173,17.8078
5.51524,-0.0155236,0.721765,-16.1793,17.8107
5.53269,-0.0149221,0.708282,-16.4365,17.8135
5.55015,-0.0143319,0.694585,-16.6887,17.8164
5.5676,-0.013753,0.680678,-16.9358,17.8194
5.58505,-0.0131858,0.666565,-17.1779,17.8223
5.60251,-0.0126303,0.65225,-17.4147,17.8253
5.61996,-0.0120868,0.637737,-17.6464,17.8282
5.63741,-0.0115553,0.623032,-17.8726,17.8312
5.65487,-0.0110362,0.608138,-18.0935,17.8343
5.67232,-0.0105294,0.59306,-18.309,17.8373
5.68977,-0.0100352,0.577803,-18.5189,17.8404
5.70723,-0.00955365,0.56237,-18.7232,17.8434
5.72468,-0.00908501,0.546768,-18.9219,17.8465
5.74213,-0.00862937,0.531,-19.1149,17.8497
5.75959,-0.00818687,0.515071,-19.3021,17.8528
5.77704,-0.00775764,0.498985,-19.4835,17.856
5.79449,-0.00734182,0.482749,-19.659,17.8592
5.81195,-0.00693953,0.466367,-19.8286,17.8624
5.8294,-0.00655089,0.449843,-19.9923,17.8657
5.84685,-0.00617602,0.433183,-20.1499,17.8689
5.86431,-0.00581504,0.416391,-20.3014,17.8722
5.88176,-0.00546805,0.399473,-20.4469,17.8755
5.89921,-0.00513515,0.382434,-20.5862,17.8789
5.91667,-0.00481646,0.365279,-20.7192,17.8823
5.93412,-0.00451206,0.348013,-20.8461,17.8856
5.95157,-0.00422205,0.330641,-20.9666,17.8891
5.96903,-0.00394651,0.313169,-21.0809,17.8925
5.98648,-0.00368554,0.295602,-21.1888,17.896
6.00393,-0.0034392,0.277944,-21.2903,17.8995
6.02139,-0.00320758,0.260202,-21.3855,17.903
6.03884,-0.00299075,0.242381,-21.4742,17.9065
6.05629,-0.00278876,0.224486,-21.5564,17.9101
6.07375,-0.00260169,0.206522,-21.6321,17.9137
6.0912,-0.00242959,0.188495,-21.7014,17.9173
6.10865,-0.00227251,0.170411,-21.7641,17.9209
6.12611,-0.0021305,0.152274,-21.8202,17.9246
6.14356,-0.00200361,0.134091,-21.8698,17.9283
6.16101,-0.00189186,0.115866,-21.9128,17.9319
6.17847,-0.00179531,0.0976053,-21.9492,17.9357
6.19592,-0.00171397,0.0793144,-21.979,17.9394
6.21337,-0.00164788,0.0609986,-22.0021,17.9431
6.23083,-0.00159704,0.0426635,-22.0187,17.9469
6.24828,-0.00156149,0.0243146,-22.0286,17.9507
6.26573,-0.00154123,0.00595738,-22.0319,17.9545
